0.001600
0.003200
0.004800
0.006400
0.008000
0.009600
0.011200
0.012800
0.014400
0.016000
0.017600
0.019200
0.020800
0.022400
0.024000
0.025600
0.027200
0.028800
0.030400
0.032000
0.033600
0.035200
0.036800
0.038400
0.040000
0.041600
0.043200
0.044800
0.046400
0.048000
0.049600
0.051200
0.052800
0.054400
0.056000
0.057600
0.059200
0.060800
0.062400
0.064000
0.065600
0.067200
0.068800
0.070400
0.072000
0.073600
0.075200
0.076800
0.078400
0.080000
0.081600
0.083200
0.084800
0.086400
0.088000
0.089600
0.091200
0.092800
0.094400
0.096000
0.097600
0.099200
0.100800
0.102400
0.104000
0.105600
0.107200
0.108800
0.110400
0.112000
0.113600
0.115200
0.116800
0.118400
0.120000
0.121600
0.123200
0.124800
0.126400
0.128000
0.129600
0.131200
0.132800
0.134400
0.136000
0.137600
0.139200
0.140800
0.142400
0.144000
0.145600
0.147200
0.148800
0.150400
0.152000
0.153600
0.155200
0.156800
0.158400
0.160000
0.161600
0.163200
0.164800
0.166400
0.168000
0.169600
0.171200
0.172800
0.174400
0.176000
0.177600
0.179200
0.180800
0.182400
0.184000
0.185600
0.187200
0.188800
0.190400
0.192000
0.193600
0.195200
0.196800
0.198400
0.200000
0.201600
0.203200
0.204800
0.206400
0.208000
0.209600
0.211200
0.212800
0.214400
0.216000
0.217600
0.219200
0.220800
0.222400
0.224000
0.225600
0.227200
0.228800
0.230400
0.232000
0.233600
0.235200
0.236800
0.238400
0.240000
0.241600
0.243200
0.244800
0.246400
0.248000
0.249600
0.251200
0.252800
0.254400
0.256000
0.257600
0.259200
0.260800
0.262400
0.264000
0.265600
0.267200
0.268800
0.270400
0.272000
0.273600
0.275200
0.276800
0.278400
0.280000
0.281600
0.283200
0.284800
0.286400
0.288000
0.289600
0.291200
0.292800
0.294400
0.296000
0.297600
0.299200
0.300800
0.302400
0.304000
0.305600
0.307200
0.308800
0.310400
0.312000
0.313600
0.315200
0.316800
0.318400
0.320000
0.321600
0.323200
0.324800
0.326400
0.328000
0.329600
0.331200
0.332800
0.334400
0.336000
0.337600
0.339200
0.340800
0.342400
0.344000
0.345600
0.347200
0.348800
0.350400
0.352000
0.353600
0.355200
0.356800
0.358400
0.360000
0.361600
0.363200
0.364800
0.366400
0.368000
0.369600
0.371200
0.372800
0.374400
0.376000
0.377600
0.379200
0.380800
0.382400
0.384000
0.385600
0.387200
0.388800
0.390400
0.392000
0.393600
0.395200
0.396800
0.398400
0.400000
0.401600
0.403200
0.404800
0.406400
0.408000
0.409600
0.411200
0.412800
0.414400
0.416000
0.417600
0.419200
0.420800
0.422400
0.424000
0.425600
0.427200
0.428800
0.430400
0.432000
0.433600
0.435200
0.436800
0.438400
0.440000
0.441600
0.443200
0.444800
0.446400
0.448000
0.449600
0.451200
0.452800
0.454400
0.456000
0.457600
0.459200
0.460800
0.462400
0.464000
0.465600
0.467200
0.468800
0.470400
0.472000
0.473600
0.475200
0.476800
0.478400
0.480000
0.481600
0.483200
0.484800
0.486400
0.488000
0.489600
0.491200
0.492800
0.494400
0.496000
0.497600
0.499200
0.500800
0.502400
0.504000
0.505600
0.507200
0.508800
0.510400
0.512000
0.513600
0.515200
0.516800
0.518400
0.520000
0.521600
0.523200
0.524800
0.526400
0.528000
0.529600
0.531200
0.532800
0.534400
0.536000
0.537600
0.539200
0.540800
0.542400
0.544000
0.545600
0.547200
0.548800
0.550400
0.552000
0.553600
0.555200
0.556800
0.558400
0.560000
0.561600
0.563200
0.564800
0.566400
0.568000
0.569600
0.571200
0.572800
0.574400
0.576000
0.577600
0.579200
0.580800
0.582400
0.584000
0.585600
0.587200
0.588800
0.590400
0.592000
0.593600
0.595200
0.596800
0.598400
0.600000
0.601600
0.603200
0.604800
0.606400
0.608000
0.609600
0.611200
0.612800
0.614400
0.616000
0.617600
0.619200
0.620800
0.622400
0.624000
0.625600
0.627200
0.628800
0.630400
0.632000
0.633600
0.635200
0.636800
0.638400
0.640000
0.641600
0.643200
0.644800
0.646400
0.648000
0.649600
0.651200
0.652800
0.654400
0.656000
0.657600
0.659200
0.660800
0.662400
0.664000
0.665600
0.667200
0.668800
0.670400
0.672000
0.673600
0.675200
0.676800
0.678400
0.680000
0.681600
0.683200
0.684800
0.686400
0.688000
0.689600
0.691200
0.692800
0.694400
0.696000
0.697600
0.699200
0.700800
0.702400
0.704000
0.705600
0.707200
0.708800
0.710400
0.712000
0.713600
0.715200
0.716800
0.718400
0.720000
0.721600
0.723200
0.724800
0.726400
0.728000
0.729600
0.731200
0.732800
0.734400
0.736000
0.737600
0.739200
0.740800
0.742400
0.744000
0.745600
0.747200
0.748800
0.750400
0.752000
0.753600
0.755200
0.756800
0.758400
0.760000
0.761600
0.763200
0.764800
0.766400
0.768000
0.769600
0.771200
0.772800
0.774400
0.776000
0.777600
0.779200
0.780800
0.782400
0.784000
0.785600
0.787200
0.788800
0.790400
0.792000
0.793600
0.795200
0.796800
0.798400
0.800000
0.801600
0.803200
0.804800
0.806400
0.808000
0.809600
0.811200
0.812800
0.814400
0.816000
0.817600
0.819200
0.820800
0.822400
0.824000
0.825600
0.827200
0.828800
0.830400
0.832000
0.833600
0.835200
0.836800
0.838400
0.840000
0.841600
0.843200
0.844800
0.846400
0.848000
0.849600
0.851200
0.852800
0.854400
0.856000
0.857600
0.859200
0.860800
0.862400
0.864000
0.865600
0.867200
0.868800
0.870400
0.872000
0.873600
0.875200
0.876800
0.878400
0.880000
0.881600
0.883200
0.884800
0.886400
0.888000
0.889600
0.891200
0.892800
0.894400
0.896000
0.897600
0.899200
0.900800
0.902400
0.904000
0.905600
0.907200
0.908800
0.910400
0.912000
0.913600
0.915200
0.916800
0.918400
0.920000
0.921600
0.923200
0.924800
0.926400
0.928000
0.929600
0.931200
0.932800
0.934400
0.936000
0.937600
0.939200
0.940800
0.942400
0.944000
0.945600
0.947200
0.948800
0.950400
0.952000
0.953600
0.955200
0.956800
0.958400
0.960000
0.961600
0.963200
0.964800
0.966400
0.968000
0.969600
0.971200
0.972800
0.974400
0.976000
0.977600
0.979200
0.980800
0.982400
0.984000
0.985600
0.987200
0.988800
0.990400
0.992000
0.993600
0.995200
0.996800
0.998400
1.000000
1.001600
1.003200
1.004800
1.006400
1.008000
1.009600
1.011200
1.012800
1.014400
1.016000
1.017600
1.019200
1.020800
1.022400
1.024000
1.025600
1.027200
1.028800
1.030400
1.032000
1.033600
1.035200
1.036800
1.038400
1.040000
1.041600
1.043200
1.044800
1.046400
1.048000
1.049600
1.051200
1.052800
1.054400
1.056000
1.057600
1.059200
1.060800
1.062400
1.064000
1.065600
1.067200
1.068800
1.070400
1.072000
1.073600
1.075200
1.076800
1.078400
1.080000
1.081600
1.083200
1.084800
1.086400
1.088000
1.089600
1.091200
1.092800
1.094400
1.096000
1.097600
1.099200
1.100800
1.102400
1.104000
1.105600
1.107200
1.108800
1.110400
1.112000
1.113600
1.115200
1.116800
1.118400
1.120000
1.121600
1.123200
1.124800
1.126400
1.128000
1.129600
1.131200
1.132800
1.134400
1.136000
1.137600
1.139200
1.140800
1.142400
1.144000
1.145600
1.147200
1.148800
1.150400
1.152000
1.153600
1.155200
1.156800
1.158400
1.160000
1.161600
1.163200
1.164800
1.166400
1.168000
1.169600
1.171200
1.172800
1.174400
1.176000
1.177600
1.179200
1.180800
1.182400
1.184000
1.185600
1.187200
1.188800
1.190400
1.192000
1.193600
1.195200
1.196800
1.198400
1.200000
1.201600
1.203200
1.204800
1.206400
1.208000
1.209600
1.211200
1.212800
1.214400
1.216000
1.217600
1.219200
1.220800
1.222400
1.224000
1.225600
1.227200
1.228800
1.230400
1.232000
1.233600
1.235200
1.236800
1.238400
1.240000
1.241600
1.243200
1.244800
1.246400
1.248000
1.249600
1.251200
1.252800
1.254400
1.256000
1.257600
1.259200
1.260800
1.262400
1.264000
1.265600
1.267200
1.268800
1.270400
1.272000
1.273600
1.275200
1.276800
1.278400
1.280000
1.281600
1.283200
1.284800
1.286400
1.288000
1.289600
1.291200
1.292800
1.294400
1.296000
1.297600
1.299200
1.300800
1.302400
1.304000
1.305600
1.307200
1.308800
1.310400
1.312000
1.313600
1.315200
1.316800
1.318400
1.320000
1.321600
1.323200
1.324800
1.326400
1.328000
1.329600
1.331200
1.332800
1.334400
1.336000
1.337600
1.339200
1.340800
1.342400
1.344000
1.345600
1.347200
1.348800
1.350400
1.352000
1.353600
1.355200
1.356800
1.358400
1.360000
1.361600
1.363200
1.364800
1.366400
1.368000
1.369600
1.371200
1.372800
1.374400
1.376000
1.377600
1.379200
1.380800
1.382400
1.384000
1.385600
1.387200
1.388800
1.390400
1.392000
1.393600
1.395200
1.396800
1.398400
1.400000
1.401600
1.403200
1.404800
1.406400
1.408000
1.409600
1.411200
1.412800
1.414400
1.416000
1.417600
1.419200
1.420800
1.422400
1.424000
1.425600
1.427200
1.428800
1.430400
1.432000
1.433600
1.435200
1.436800
1.438400
1.440000
1.441600
1.443200
1.444800
1.446400
1.448000
1.449600
1.451200
1.452800
1.454400
1.456000
1.457600
1.459200
1.460800
1.462400
1.464000
1.465600
1.467200
1.468800
1.470400
1.472000
1.473600
1.475200
1.476800
1.478400
1.480000
1.481600
1.483200
1.484800
1.486400
1.488000
1.489600
1.491200
1.492800
1.494400
1.496000
1.497600
1.499200
1.500800
1.502400
1.504000
1.505600
1.507200
1.508800
1.510400
1.512000
1.513600
1.515200
1.516800
1.518400
1.520000
1.521600
1.523200
1.524800
1.526400
1.528000
1.529600
1.531200
1.532800
1.534400
1.536000
1.537600
1.539200
1.540800
1.542400
1.544000
1.545600
1.547200
1.548800
1.550400
1.552000
1.553600
1.555200
1.556800
1.558400
1.560000
1.561600
1.563200
1.564800
1.566400
1.568000
1.569600
1.571200
1.572800
1.574400
1.576000
1.577600
1.579200
1.580800
1.582400
1.584000
1.585600
1.587200
1.588800
1.590400
1.592000
1.593600
1.595200
1.596800
1.598400
1.600000
1.601600
1.603200
1.604800
1.606400
1.608000
1.609600
1.611200
1.612800
1.614400
1.616000
1.617600
1.619200
1.620800
1.622400
1.624000
1.625600
1.627200
1.628800
1.630400
1.632000
1.633600
1.635200
1.636800
1.638400
1.640000
1.641600
1.643200
1.644800
1.646400
1.648000
1.649600
1.651200
1.652800
1.654400
1.656000
1.657600
1.659200
1.660800
1.662400
1.664000
1.665600
1.667200
1.668800
1.670400
1.672000
1.673600
1.675200
1.676800
1.678400
1.680000
1.681600
1.683200
1.684800
1.686400
1.688000
1.689600
1.691200
1.692800
1.694400
1.696000
1.697600
1.699200
1.700800
1.702400
1.704000
1.705600
1.707200
1.708800
1.710400
1.712000
1.713600
1.715200
1.716800
1.718400
1.720000
1.721600
1.723200
1.724800
1.726400
1.728000
1.729600
1.731200
1.732800
1.734400
1.736000
1.737600
1.739200
1.740800
1.742400
1.744000
1.745600
1.747200
1.748800
1.750400
1.752000
1.753600
1.755200
1.756800
1.758400
1.760000
1.761600
1.763200
1.764800
1.766400
1.768000
1.769600
1.771200
1.772800
1.774400
1.776000
1.777600
1.779200
1.780800
1.782400
1.784000
1.785600
1.787200
1.788800
1.790400
1.792000
1.793600
1.795200
1.796800
1.798400
1.800000
1.801600
1.803200
1.804800
1.806400
1.808000
1.809600
1.811200
1.812800
1.814400
1.816000
1.817600
1.819200
1.820800
1.822400
1.824000
1.825600
1.827200
1.828800
1.830400
1.832000
1.833600
1.835200
1.836800
1.838400
1.840000
1.841600
1.843200
1.844800
1.846400
1.848000
1.849600
1.851200
1.852800
1.854400
1.856000
1.857600
1.859200
1.860800
1.862400
1.864000
1.865600
1.867200
1.868800
1.870400
1.872000
1.873600
1.875200
1.876800
1.878400
1.880000
1.881600
1.883200
1.884800
1.886400
1.888000
1.889600
1.891200
1.892800
1.894400
1.896000
1.897600
1.899200
1.900800
1.902400
1.904000
1.905600
1.907200
1.908800
1.910400
1.912000
1.913600
1.915200
1.916800
1.918400
1.920000
1.921600
1.923200
1.924800
1.926400
1.928000
1.929600
1.931200
1.932800
1.934400
1.936000
1.937600
1.939200
1.940800
1.942400
1.944000
1.945600
1.947200
1.948800
1.950400
1.952000
1.953600
1.955200
1.956800
1.958400
1.960000
1.961600
1.963200
1.964800
1.966400
1.968000
1.969600
1.971200
1.972800
1.974400
1.976000
1.977600
1.979200
1.980800
1.982400
1.984000
1.985600
1.987200
1.988800
1.990400
1.992000
1.993600
1.995200
1.996800
1.998400
2.000000
2.001600
2.003200
2.004800
2.006400
2.008000
2.009600
2.011200
2.012800
2.014400
2.016000
2.017600
2.019200
2.020800
2.022400
2.024000
2.025600
2.027200
2.028800
2.030400
2.032000
2.033600
2.035200
2.036800
2.038400
2.040000
2.041600
2.043200
2.044800
2.046400
2.048000
2.049600
2.051200
2.052800
2.054400
2.056000
2.057600
2.059200
2.060800
2.062400
2.064000
2.065600
2.067200
2.068800
2.070400
2.072000
2.073600
2.075200
2.076800
2.078400
2.080000
2.081600
2.083200
2.084800
2.086400
2.088000
2.089600
2.091200
2.092800
2.094400
2.096000
2.097600
2.099200
2.100800
2.102400
2.104000
2.105600
2.107200
2.108800
2.110400
2.112000
2.113600
2.115200
2.116800
2.118400
2.120000
2.121600
2.123200
2.124800
2.126400
2.128000
2.129600
2.131200
2.132800
2.134400
2.136000
2.137600
2.139200
2.140800
2.142400
2.144000
2.145600
2.147200
2.148800
2.150400
2.152000
2.153600
2.155200
2.156800
2.158400
2.160000
2.161600
2.163200
2.164800
2.166400
2.168000
2.169600
2.171200
2.172800
2.174400
2.176000
2.177600
2.179200
2.180800
2.182400
2.184000
2.185600
2.187200
2.188800
2.190400
2.192000
2.193600
2.195200
2.196800
2.198400
2.200000
2.201600
2.203200
2.204800
2.206400
2.208000
2.209600
2.211200
2.212800
2.214400
2.216000
2.217600
2.219200
2.220800
2.222400
2.224000
2.225600
2.227200
2.228800
2.230400
2.232000
2.233600
2.235200
2.236800
2.238400
2.240000
2.241600
2.243200
2.244800
2.246400
2.248000
2.249600
2.251200
2.252800
2.254400
2.256000
2.257600
2.259200
2.260800
2.262400
2.264000
2.265600
2.267200
2.268800
2.270400
2.272000
2.273600
2.275200
2.276800
2.278400
2.280000
2.281600
2.283200
2.284800
2.286400
2.288000
2.289600
2.291200
2.292800
2.294400
2.296000
2.297600
2.299200
2.300800
2.302400
2.304000
2.305600
2.307200
2.308800
2.310400
2.312000
2.313600
2.315200
2.316800
2.318400
2.320000
2.321600
2.323200
2.324800
2.326400
2.328000
2.329600
2.331200
2.332800
2.334400
2.336000
2.337600
2.339200
2.340800
2.342400
2.344000
2.345600
2.347200
2.348800
2.350400
2.352000
2.353600
2.355200
2.356800
2.358400
2.360000
2.361600
2.363200
2.364800
2.366400
2.368000
2.369600
2.371200
2.372800
2.374400
2.376000
2.377600
2.379200
2.380800
2.382400
2.384000
2.385600
2.387200
2.388800
2.390400
2.392000
2.393600
2.395200
2.396800
2.398400
2.400000
2.401600
2.403200
2.404800
2.406400
2.408000
2.409600
2.411200
2.412800
2.414400
2.416000
2.417600
2.419200
2.420800
2.422400
2.424000
2.425600
2.427200
2.428800
2.430400
2.432000
2.433600
2.435200
2.436800
2.438400
2.440000
2.441600
2.443200
2.444800
2.446400
2.448000
2.449600
2.451200
2.452800
2.454400
2.456000
2.457600
2.459200
2.460800
2.462400
2.464000
2.465600
2.467200
2.468800
2.470400
2.472000
2.473600
2.475200
2.476800
2.478400
2.480000
2.481600
2.483200
2.484800
2.486400
2.488000
2.489600
2.491200
2.492800
2.494400
2.496000
2.497600
2.499200
2.500800
2.502400
2.504000
2.505600
2.507200
2.508800
2.510400
2.512000
2.513600
2.515200
2.516800
2.518400
2.520000
2.521600
2.523200
2.524800
2.526400
2.528000
2.529600
2.531200
2.532800
2.534400
2.536000
2.537600
2.539200
2.540800
2.542400
2.544000
2.545600
2.547200
2.548800
2.550400
2.552000
2.553600
2.555200
2.556800
2.558400
2.560000
2.561600
2.563200
2.564800
2.566400
2.568000
2.569600
2.571200
2.572800
2.574400
2.576000
2.577600
2.579200
2.580800
2.582400
2.584000
2.585600
2.587200
2.588800
2.590400
2.592000
2.593600
2.595200
2.596800
2.598400
2.600000
2.601600
2.603200
2.604800
2.606400
2.608000
2.609600
2.611200
2.612800
2.614400
2.616000
2.617600
2.619200
2.620800
2.622400
2.624000
2.625600
2.627200
2.628800
2.630400
2.632000
2.633600
2.635200
2.636800
2.638400
2.640000
2.641600
2.643200
2.644800
2.646400
2.648000
2.649600
2.651200
2.652800
2.654400
2.656000
2.657600
2.659200
2.660800
2.662400
2.664000
2.665600
2.667200
2.668800
2.670400
2.672000
2.673600
2.675200
2.676800
2.678400
2.680000
2.681600
2.683200
2.684800
2.686400
2.688000
2.689600
2.691200
2.692800
2.694400
2.696000
2.697600
2.699200
2.700800
2.702400
2.704000
2.705600
2.707200
2.708800
2.710400
2.712000
2.713600
2.715200
2.716800
2.718400
2.720000
2.721600
2.723200
2.724800
2.726400
2.728000
2.729600
2.731200
2.732800
2.734400
2.736000
2.737600
2.739200
2.740800
2.742400
2.744000
2.745600
2.747200
2.748800
2.750400
2.752000
2.753600
2.755200
2.756800
2.758400
2.760000
2.761600
2.763200
2.764800
2.766400
2.768000
2.769600
2.771200
2.772800
2.774400
2.776000
2.777600
2.779200
2.780800
2.782400
2.784000
2.785600
2.787200
2.788800
2.790400
2.792000
2.793600
2.795200
2.796800
2.798400
2.800000
2.801600
2.803200
2.804800
2.806400
2.808000
2.809600
2.811200
2.812800
2.814400
2.816000
2.817600
2.819200
2.820800
2.822400
2.824000
2.825600
2.827200
2.828800
2.830400
2.832000
2.833600
2.835200
2.836800
2.838400
2.840000
2.841600
2.843200
2.844800
2.846400
2.848000
2.849600
2.851200
2.852800
2.854400
2.856000
2.857600
2.859200
2.860800
2.862400
2.864000
2.865600
2.867200
2.868800
2.870400
2.872000
2.873600
2.875200
2.876800
2.878400
2.880000
2.881600
2.883200
2.884800
2.886400
2.888000
2.889600
2.891200
2.892800
2.894400
2.896000
2.897600
2.899200
2.900800
2.902400
2.904000
2.905600
2.907200
2.908800
2.910400
2.912000
2.913600
2.915200
2.916800
2.918400
2.920000
2.921600
2.923200
2.924800
2.926400
2.928000
2.929600
2.931200
2.932800
2.934400
2.936000
2.937600
2.939200
2.940800
2.942400
2.944000
2.945600
2.947200
2.948800
2.950400
2.952000
2.953600
2.955200
2.956800
2.958400
2.960000
2.961600
2.963200
2.964800
2.966400
2.968000
2.969600
2.971200
2.972800
2.974400
2.976000
2.977600
2.979200
2.980800
2.982400
2.984000
2.985600
2.987200
2.988800
2.990400
2.992000
2.993600
2.995200
2.996800
2.998400
3.000000
3.001600
3.003200
3.004800
3.006400
3.008000
3.009600
3.011200
3.012800
3.014400
3.016000
3.017600
3.019200
3.020800
3.022400
3.024000
3.025600
3.027200
3.028800
3.030400
3.032000
3.033600
3.035200
3.036800
3.038400
3.040000
3.041600
3.043200
3.044800
3.046400
3.048000
3.049600
3.051200
3.052800
3.054400
3.056000
3.057600
3.059200
3.060800
3.062400
3.064000
3.065600
3.067200
3.068800
3.070400
3.072000
3.073600
3.075200
3.076800
3.078400
3.080000
3.081600
3.083200
3.084800
3.086400
3.088000
3.089600
3.091200
3.092800
3.094400
3.096000
3.097600
3.099200
3.100800
3.102400
3.104000
3.105600
3.107200
3.108800
3.110400
3.112000
3.113600
3.115200
3.116800
3.118400
3.120000
3.121600
3.123200
3.124800
3.126400
3.128000
3.129600
3.131200
3.132800
3.134400
3.136000
3.137600
3.139200
3.140800
3.142400
3.144000
3.145600
3.147200
3.148800
3.150400
3.152000
3.153600
3.155200
3.156800
3.158400
3.160000
3.161600
3.163200
3.164800
3.166400
3.168000
3.169600
3.171200
3.172800
3.174400
3.176000
3.177600
3.179200
3.180800
3.182400
3.184000
3.185600
3.187200
3.188800
3.190400
3.192000
3.193600
3.195200
3.196800
3.198400
3.200000
3.201600
3.203200
3.204800
3.206400
3.208000
3.209600
3.211200
3.212800
3.214400
3.216000
3.217600
3.219200
3.220800
3.222400
3.224000
3.225600
3.227200
3.228800
3.230400
3.232000
3.233600
3.235200
3.236800
3.238400
3.240000
3.241600
3.243200
3.244800
3.246400
3.248000
3.249600
3.251200
3.252800
3.254400
3.256000
3.257600
3.259200
3.260800
3.262400
3.264000
3.265600
3.267200
3.268800
3.270400
3.272000
3.273600
3.275200
3.276800
3.278400
3.280000
3.281600
3.283200
3.284800
3.286400
3.288000
3.289600
3.291200
3.292800
3.294400
3.296000
3.297600
3.299200
3.300800
3.302400
3.304000
3.305600
3.307200
3.308800
3.310400
3.312000
3.313600
3.315200
3.316800
3.318400
3.320000
3.321600
3.323200
3.324800
3.326400
3.328000
3.329600
3.331200
3.332800
3.334400
3.336000
3.337600
3.339200
3.340800
3.342400
3.344000
3.345600
3.347200
3.348800
3.350400
3.352000
3.353600
3.355200
3.356800
3.358400
3.360000
3.361600
3.363200
3.364800
3.366400
3.368000
3.369600
3.371200
3.372800
3.374400
3.376000
3.377600
3.379200
3.380800
3.382400
3.384000
3.385600
3.387200
3.388800
3.390400
3.392000
3.393600
3.395200
3.396800
3.398400
3.400000
3.401600
3.403200
3.404800
3.406400
3.408000
3.409600
3.411200
3.412800
3.414400
3.416000
3.417600
3.419200
3.420800
3.422400
3.424000
3.425600
3.427200
3.428800
3.430400
3.432000
3.433600
3.435200
3.436800
3.438400
3.440000
3.441600
3.443200
3.444800
3.446400
3.448000
3.449600
3.451200
3.452800
3.454400
3.456000
3.457600
3.459200
3.460800
3.462400
3.464000
3.465600
3.467200
3.468800
3.470400
3.472000
3.473600
3.475200
3.476800
3.478400
3.480000
3.481600
3.483200
3.484800
3.486400
3.488000
3.489600
3.491200
3.492800
3.494400
3.496000
3.497600
3.499200
3.500800
3.502400
3.504000
3.505600
3.507200
3.508800
3.510400
3.512000
3.513600
3.515200
3.516800
3.518400
3.520000
3.521600
3.523200
3.524800
3.526400
3.528000
3.529600
3.531200
3.532800
3.534400
3.536000
3.537600
3.539200
3.540800
3.542400
3.544000
3.545600
3.547200
3.548800
3.550400
3.552000
3.553600
3.555200
3.556800
3.558400
3.560000
3.561600
3.563200
3.564800
3.566400
3.568000
3.569600
3.571200
3.572800
3.574400
3.576000
3.577600
3.579200
3.580800
3.582400
3.584000
3.585600
3.587200
3.588800
3.590400
3.592000
3.593600
3.595200
3.596800
3.598400
3.600000
3.601600
3.603200
3.604800
3.606400
3.608000
3.609600
3.611200
3.612800
3.614400
3.616000
3.617600
3.619200
3.620800
3.622400
3.624000
3.625600
3.627200
3.628800
3.630400
3.632000
3.633600
3.635200
3.636800
3.638400
3.640000
3.641600
3.643200
3.644800
3.646400
3.648000
3.649600
3.651200
3.652800
3.654400
3.656000
3.657600
3.659200
3.660800
3.662400
3.664000
3.665600
3.667200
3.668800
3.670400
3.672000
3.673600
3.675200
3.676800
3.678400
3.680000
3.681600
3.683200
3.684800
3.686400
3.688000
3.689600
3.691200
3.692800
3.694400
3.696000
3.697600
3.699200
3.700800
3.702400
3.704000
3.705600
3.707200
3.708800
3.710400
3.712000
3.713600
3.715200
3.716800
3.718400
3.720000
3.721600
3.723200
3.724800
3.726400
3.728000
3.729600
3.731200
3.732800
3.734400
3.736000
3.737600
3.739200
3.740800
3.742400
3.744000
3.745600
3.747200
3.748800
3.750400
3.752000
3.753600
3.755200
3.756800
3.758400
3.760000
3.761600
3.763200
3.764800
3.766400
3.768000
3.769600
3.771200
3.772800
3.774400
3.776000
3.777600
3.779200
3.780800
3.782400
3.784000
3.785600
3.787200
3.788800
3.790400
3.792000
3.793600
3.795200
3.796800
3.798400
3.800000
3.801600
3.803200
3.804800
3.806400
3.808000
3.809600
3.811200
3.812800
3.814400
3.816000
3.817600
3.819200
3.820800
3.822400
3.824000
3.825600
3.827200
3.828800
3.830400
3.832000
3.833600
3.835200
3.836800
3.838400
3.840000
3.841600
3.843200
3.844800
3.846400
3.848000
3.849600
3.851200
3.852800
3.854400
3.856000
3.857600
3.859200
3.860800
3.862400
3.864000
3.865600
3.867200
3.868800
3.870400
3.872000
3.873600
3.875200
3.876800
3.878400
3.880000
3.881600
3.883200
3.884800
3.886400
3.888000
3.889600
3.891200
3.892800
3.894400
3.896000
3.897600
3.899200
3.900800
3.902400
3.904000
3.905600
3.907200
3.908800
3.910400
3.912000
3.913600
3.915200
3.916800
3.918400
3.920000
3.921600
3.923200
3.924800
3.926400
3.928000
3.929600
3.931200
3.932800
3.934400
3.936000
3.937600
3.939200
3.940800
3.942400
3.944000
3.945600
3.947200
3.948800
3.950400
3.952000
3.953600
3.955200
3.956800
3.958400
3.960000
3.961600
3.963200
3.964800
3.966400
3.968000
3.969600
3.971200
3.972800
3.974400
3.976000
3.977600
3.979200
3.980800
3.982400
3.984000
3.985600
3.987200
3.988800
3.990400
3.992000
3.993600
3.995200
3.996800
3.998400
4.000000
4.001600
4.003200
4.004800
4.006400
4.008000
4.009600
4.011200
4.012800
4.014400
4.016000
4.017600
4.019200
4.020800
4.022400
4.024000
4.025600
4.027200
4.028800
4.030400
4.032000
4.033600
4.035200
4.036800
4.038400
4.040000
4.041600
4.043200
4.044800
4.046400
4.048000
4.049600
4.051200
4.052800
4.054400
4.056000
4.057600
4.059200
4.060800
4.062400
4.064000
4.065600
4.067200
4.068800
4.070400
4.072000
4.073600
4.075200
4.076800
4.078400
4.080000
4.081600
4.083200
4.084800
4.086400
4.088000
4.089600
4.091200
4.092800
4.094400
4.096000
4.097600
4.099200
4.100800
4.102400
4.104000
4.105600
4.107200
4.108800
4.110400
4.112000
4.113600
4.115200
4.116800
4.118400
4.120000
4.121600
4.123200
4.124800
4.126400
4.128000
4.129600
4.131200
4.132800
4.134400
4.136000
4.137600
4.139200
4.140800
4.142400
4.144000
4.145600
4.147200
4.148800
4.150400
4.152000
4.153600
4.155200
4.156800
4.158400
4.160000
4.161600
4.163200
4.164800
4.166400
4.168000
4.169600
4.171200
4.172800
4.174400
4.176000
4.177600
4.179200
4.180800
4.182400
4.184000
4.185600
4.187200
4.188800
4.190400
4.192000
4.193600
4.195200
4.196800
4.198400
4.200000
4.201600
4.203200
4.204800
4.206400
4.208000
4.209600
4.211200
4.212800
4.214400
4.216000
4.217600
4.219200
4.220800
4.222400
4.224000
4.225600
4.227200
4.228800
4.230400
4.232000
4.233600
4.235200
4.236800
4.238400
4.240000
4.241600
4.243200
4.244800
4.246400
4.248000
4.249600
4.251200
4.252800
4.254400
4.256000
4.257600
4.259200
4.260800
4.262400
4.264000
4.265600
4.267200
4.268800
4.270400
4.272000
4.273600
4.275200
4.276800
4.278400
4.280000
4.281600
4.283200
4.284800
4.286400
4.288000
4.289600
4.291200
4.292800
4.294400
4.296000
4.297600
4.299200
4.300800
4.302400
4.304000
4.305600
4.307200
4.308800
4.310400
4.312000
4.313600
4.315200
4.316800
4.318400
4.320000
4.321600
4.323200
4.324800
4.326400
4.328000
4.329600
4.331200
4.332800
4.334400
4.336000
4.337600
4.339200
4.340800
4.342400
4.344000
4.345600
4.347200
4.348800
4.350400
4.352000
4.353600
4.355200
4.356800
4.358400
4.360000
4.361600
4.363200
4.364800
4.366400
4.368000
4.369600
4.371200
4.372800
4.374400
4.376000
4.377600
4.379200
4.380800
4.382400
4.384000
4.385600
4.387200
4.388800
4.390400
4.392000
4.393600
4.395200
4.396800
4.398400
4.400000
4.401600
4.403200
4.404800
4.406400
4.408000
4.409600
4.411200
4.412800
4.414400
4.416000
4.417600
4.419200
4.420800
4.422400
4.424000
4.425600
4.427200
4.428800
4.430400
4.432000
4.433600
4.435200
4.436800
4.438400
4.440000
4.441600
4.443200
4.444800
4.446400
4.448000
4.449600
4.451200
4.452800
4.454400
4.456000
4.457600
4.459200
4.460800
4.462400
4.464000
4.465600
4.467200
4.468800
4.470400
4.472000
4.473600
4.475200
4.476800
4.478400
4.480000
4.481600
4.483200
4.484800
4.486400
4.488000
4.489600
4.491200
4.492800
4.494400
4.496000
4.497600
4.499200
4.500800
4.502400
4.504000
4.505600
4.507200
4.508800
4.510400
4.512000
4.513600
4.515200
4.516800
4.518400
4.520000
4.521600
4.523200
4.524800
4.526400
4.528000
4.529600
4.531200
4.532800
4.534400
4.536000
4.537600
4.539200
4.540800
4.542400
4.544000
4.545600
4.547200
4.548800
4.550400
4.552000
4.553600
4.555200
4.556800
4.558400
4.560000
4.561600
4.563200
4.564800
4.566400
4.568000
4.569600
4.571200
4.572800
4.574400
4.576000
4.577600
4.579200
4.580800
4.582400
4.584000
4.585600
4.587200
4.588800
4.590400
4.592000
4.593600
4.595200
4.596800
4.598400
4.600000
4.601600
4.603200
4.604800
4.606400
4.608000
4.609600
4.611200
4.612800
4.614400
4.616000
4.617600
4.619200
4.620800
4.622400
4.624000
4.625600
4.627200
4.628800
4.630400
4.632000
4.633600
4.635200
4.636800
4.638400
4.640000
4.641600
4.643200
4.644800
4.646400
4.648000
4.649600
4.651200
4.652800
4.654400
4.656000
4.657600
4.659200
4.660800
4.662400
4.664000
4.665600
4.667200
4.668800
4.670400
4.672000
4.673600
4.675200
4.676800
4.678400
4.680000
4.681600
4.683200
4.684800
4.686400
4.688000
4.689600
4.691200
4.692800
4.694400
4.696000
4.697600
4.699200
4.700800
4.702400
4.704000
4.705600
4.707200
4.708800
4.710400
4.712000
4.713600
4.715200
4.716800
4.718400
4.720000
4.721600
4.723200
4.724800
4.726400
4.728000
4.729600
4.731200
4.732800
4.734400
4.736000
4.737600
4.739200
4.740800
4.742400
4.744000
4.745600
4.747200
4.748800
4.750400
4.752000
4.753600
4.755200
4.756800
4.758400
4.760000
4.761600
4.763200
4.764800
4.766400
4.768000
4.769600
4.771200
4.772800
4.774400
4.776000
4.777600
4.779200
4.780800
4.782400
4.784000
4.785600
4.787200
4.788800
4.790400
4.792000
4.793600
4.795200
4.796800
4.798400
4.800000
4.801600
4.803200
4.804800
4.806400
4.808000
4.809600
4.811200
4.812800
4.814400
4.816000
4.817600
4.819200
4.820800
4.822400
4.824000
4.825600
4.827200
4.828800
4.830400
4.832000
4.833600
4.835200
4.836800
4.838400
4.840000
4.841600
4.843200
4.844800
4.846400
4.848000
4.849600
4.851200
4.852800
4.854400
4.856000
4.857600
4.859200
4.860800
4.862400
4.864000
4.865600
4.867200
4.868800
4.870400
4.872000
4.873600
4.875200
4.876800
4.878400
4.880000
4.881600
4.883200
4.884800
4.886400
4.888000
4.889600
4.891200
4.892800
4.894400
4.896000
4.897600
4.899200
4.900800
4.902400
4.904000
4.905600
4.907200
4.908800
4.910400
4.912000
4.913600
4.915200
4.916800
4.918400
4.920000
4.921600
4.923200
4.924800
4.926400
4.928000
4.929600
4.931200
4.932800
4.934400
4.936000
4.937600
4.939200
4.940800
4.942400
4.944000
4.945600
4.947200
4.948800
4.950400
4.952000
4.953600
4.955200
4.956800
4.958400
4.960000
4.961600
4.963200
4.964800
4.966400
4.968000
4.969600
4.971200
4.972800
4.974400
4.976000
4.977600
4.979200
4.980800
4.982400
4.984000
4.985600
4.987200
4.988800
4.990400
4.992000
4.993600
4.995200
4.996800
4.998400
5.000000
5.001600
5.003200
5.004800
5.006400
5.008000
5.009600
5.011200
5.012800
5.014400
5.016000
5.017600
5.019200
5.020800
5.022400
5.024000
5.025600
5.027200
5.028800
5.030400
5.032000
5.033600
5.035200
5.036800
5.038400
5.040000
5.041600
5.043200
5.044800
5.046400
5.048000
5.049600
5.051200
5.052800
5.054400
5.056000
5.057600
5.059200
5.060800
5.062400
5.064000
5.065600
5.067200
5.068800
5.070400
5.072000
5.073600
5.075200
5.076800
5.078400
5.080000
5.081600
5.083200
5.084800
5.086400
5.088000
5.089600
5.091200
5.092800
5.094400
5.096000
5.097600
5.099200
5.100800
5.102400
5.104000
5.105600
5.107200
5.108800
5.110400
5.112000
5.113600
5.115200
5.116800
5.118400
5.120000
5.121600
5.123200
5.124800
5.126400
5.128000
5.129600
5.131200
5.132800
5.134400
5.136000
5.137600
5.139200
5.140800
5.142400
5.144000
5.145600
5.147200
5.148800
5.150400
5.152000
5.153600
5.155200
5.156800
5.158400
5.160000
5.161600
5.163200
5.164800
5.166400
5.168000
5.169600
5.171200
5.172800
5.174400
5.176000
5.177600
5.179200
5.180800
5.182400
5.184000
5.185600
5.187200
5.188800
5.190400
5.192000
5.193600
5.195200
5.196800
5.198400
5.200000
5.201600
5.203200
5.204800
5.206400
5.208000
5.209600
5.211200
5.212800
5.214400
5.216000
5.217600
5.219200
5.220800
5.222400
5.224000
5.225600
5.227200
5.228800
5.230400
5.232000
5.233600
5.235200
5.236800
5.238400
5.240000
5.241600
5.243200
5.244800
5.246400
5.248000
5.249600
5.251200
5.252800
5.254400
5.256000
5.257600
5.259200
5.260800
5.262400
5.264000
5.265600
5.267200
5.268800
5.270400
5.272000
5.273600
5.275200
5.276800
5.278400
5.280000
5.281600
5.283200
5.284800
5.286400
5.288000
5.289600
5.291200
5.292800
5.294400
5.296000
5.297600
5.299200
5.300800
5.302400
5.304000
5.305600
5.307200
5.308800
5.310400
5.312000
5.313600
5.315200
5.316800
5.318400
5.320000
5.321600
5.323200
5.324800
5.326400
5.328000
5.329600
5.331200
5.332800
5.334400
5.336000
5.337600
5.339200
5.340800
5.342400
5.344000
5.345600
5.347200
5.348800
5.350400
5.352000
5.353600
5.355200
5.356800
5.358400
5.360000
5.361600
5.363200
5.364800
5.366400
5.368000
5.369600
5.371200
5.372800
5.374400
5.376000
5.377600
5.379200
5.380800
5.382400
5.384000
5.385600
5.387200
5.388800
5.390400
5.392000
5.393600
5.395200
5.396800
5.398400
5.400000
5.401600
5.403200
5.404800
5.406400
5.408000
5.409600
5.411200
5.412800
5.414400
5.416000
5.417600
5.419200
5.420800
5.422400
5.424000
5.425600
5.427200
5.428800
5.430400
5.432000
5.433600
5.435200
5.436800
5.438400
5.440000
5.441600
5.443200
5.444800
5.446400
5.448000
5.449600
5.451200
5.452800
5.454400
5.456000
5.457600
5.459200
5.460800
5.462400
5.464000
5.465600
5.467200
5.468800
5.470400
5.472000
5.473600
5.475200
5.476800
5.478400
5.480000
5.481600
5.483200
5.484800
5.486400
5.488000
5.489600
5.491200
5.492800
5.494400
5.496000
5.497600
5.499200
5.500800
5.502400
5.504000
5.505600
5.507200
5.508800
5.510400
5.512000
5.513600
5.515200
5.516800
5.518400
5.520000
5.521600
5.523200
5.524800
5.526400
5.528000
5.529600
5.531200
5.532800
5.534400
5.536000
5.537600
5.539200
5.540800
5.542400
5.544000
5.545600
5.547200
5.548800
5.550400
5.552000
5.553600
5.555200
5.556800
5.558400
5.560000
5.561600
5.563200
5.564800
5.566400
5.568000
5.569600
5.571200
5.572800
5.574400
5.576000
5.577600
5.579200
5.580800
5.582400
5.584000
5.585600
5.587200
5.588800
5.590400
5.592000
5.593600
5.595200
5.596800
5.598400
5.600000
5.601600
5.603200
5.604800
5.606400
5.608000
5.609600
5.611200
5.612800
5.614400
5.616000
5.617600
5.619200
5.620800
5.622400
5.624000
5.625600
5.627200
5.628800
5.630400
5.632000
5.633600
5.635200
5.636800
5.638400
5.640000
5.641600
5.643200
5.644800
5.646400
5.648000
5.649600
5.651200
5.652800
5.654400
5.656000
5.657600
5.659200
5.660800
5.662400
5.664000
5.665600
5.667200
5.668800
5.670400
5.672000
5.673600
5.675200
5.676800
5.678400
5.680000
5.681600
5.683200
5.684800
5.686400
5.688000
5.689600
5.691200
5.692800
5.694400
5.696000
5.697600
5.699200
5.700800
5.702400
5.704000
5.705600
5.707200
5.708800
5.710400
5.712000
5.713600
5.715200
5.716800
5.718400
5.720000
5.721600
5.723200
5.724800
5.726400
5.728000
5.729600
5.731200
5.732800
5.734400
5.736000
5.737600
5.739200
5.740800
5.742400
5.744000
5.745600
5.747200
5.748800
5.750400
5.752000
5.753600
5.755200
5.756800
5.758400
5.760000
5.761600
5.763200
5.764800
5.766400
5.768000
5.769600
5.771200
5.772800
5.774400
5.776000
5.777600
5.779200
5.780800
5.782400
5.784000
5.785600
5.787200
5.788800
5.790400
5.792000
5.793600
5.795200
5.796800
5.798400
5.800000
5.801600
5.803200
5.804800
5.806400
5.808000
5.809600
5.811200
5.812800
5.814400
5.816000
5.817600
5.819200
5.820800
5.822400
5.824000
5.825600
5.827200
5.828800
5.830400
5.832000
5.833600
5.835200
5.836800
5.838400
5.840000
5.841600
5.843200
5.844800
5.846400
5.848000
5.849600
5.851200
5.852800
5.854400
5.856000
5.857600
5.859200
5.860800
5.862400
5.864000
5.865600
5.867200
5.868800
5.870400
5.872000
5.873600
5.875200
5.876800
5.878400
5.880000
5.881600
5.883200
5.884800
5.886400
5.888000
5.889600
5.891200
5.892800
5.894400
5.896000
5.897600
5.899200
5.900800
5.902400
5.904000
5.905600
5.907200
5.908800
5.910400
5.912000
5.913600
5.915200
5.916800
5.918400
5.920000
5.921600
5.923200
5.924800
5.926400
5.928000
5.929600
5.931200
5.932800
5.934400
5.936000
5.937600
5.939200
5.940800
5.942400
5.944000
5.945600
5.947200
5.948800
5.950400
5.952000
5.953600
5.955200
5.956800
5.958400
5.960000
5.961600
5.963200
5.964800
5.966400
5.968000
5.969600
5.971200
5.972800
5.974400
5.976000
5.977600
5.979200
5.980800
5.982400
5.984000
5.985600
5.987200
5.988800
5.990400
5.992000
5.993600
5.995200
5.996800
5.998400
6.000000
6.001600
6.003200
6.004800
6.006400
6.008000
6.009600
6.011200
6.012800
6.014400
6.016000
6.017600
6.019200
6.020800
6.022400
6.024000
6.025600
6.027200
6.028800
6.030400
6.032000
6.033600
6.035200
6.036800
6.038400
6.040000
6.041600
6.043200
6.044800
6.046400
6.048000
6.049600
6.051200
6.052800
6.054400
6.056000
6.057600
6.059200
6.060800
6.062400
6.064000
6.065600
6.067200
6.068800
6.070400
6.072000
6.073600
6.075200
6.076800
6.078400
6.080000
6.081600
6.083200
6.084800
6.086400
6.088000
6.089600
6.091200
6.092800
6.094400
6.096000
6.097600
6.099200
6.100800
6.102400
6.104000
6.105600
6.107200
6.108800
6.110400
6.112000
6.113600
6.115200
6.116800
6.118400
6.120000
6.121600
6.123200
6.124800
6.126400
6.128000
6.129600
6.131200
6.132800
6.134400
6.136000
6.137600
6.139200
6.140800
6.142400
6.144000
6.145600
6.147200
6.148800
6.150400
6.152000
6.153600
6.155200
6.156800
6.158400
6.160000
6.161600
6.163200
6.164800
6.166400
6.168000
6.169600
6.171200
6.172800
6.174400
6.176000
6.177600
6.179200
6.180800
6.182400
6.184000
6.185600
6.187200
6.188800
6.190400
6.192000
6.193600
6.195200
6.196800
6.198400
6.200000
6.201600
6.203200
6.204800
6.206400
6.208000
6.209600
6.211200
6.212800
6.214400
6.216000
6.217600
6.219200
6.220800
6.222400
6.224000
6.225600
6.227200
6.228800
6.230400
6.232000
6.233600
6.235200
6.236800
6.238400
6.240000
6.241600
6.243200
6.244800
6.246400
6.248000
6.249600
6.251200
6.252800
6.254400
6.256000
6.257600
6.259200
6.260800
6.262400
6.264000
6.265600
6.267200
6.268800
6.270400
6.272000
6.273600
6.275200
6.276800
6.278400
6.280000
6.281600
6.283200
6.284800
6.286400
6.288000
6.289600
6.291200
6.292800
6.294400
6.296000
6.297600
6.299200
6.300800
6.302400
6.304000
6.305600
6.307200
6.308800
6.310400
6.312000
6.313600
6.315200
6.316800
6.318400
6.320000
6.321600
6.323200
6.324800
6.326400
6.328000
6.329600
6.331200
6.332800
6.334400
6.336000
6.337600
6.339200
6.340800
6.342400
6.344000
6.345600
6.347200
6.348800
6.350400
6.352000
6.353600
6.355200
6.356800
6.358400
6.360000
6.361600
6.363200
6.364800
6.366400
6.368000
6.369600
6.371200
6.372800
6.374400
6.376000
6.377600
6.379200
6.380800
6.382400
6.384000
6.385600
6.387200
6.388800
6.390400
6.392000
6.393600
6.395200
6.396800
6.398400
6.400000
6.401600
6.403200
6.404800
6.406400
6.408000
6.409600
6.411200
6.412800
6.414400
6.416000
6.417600
6.419200
6.420800
6.422400
6.424000
6.425600
6.427200
6.428800
6.430400
6.432000
6.433600
6.435200
6.436800
6.438400
6.440000
6.441600
6.443200
6.444800
6.446400
6.448000
6.449600
6.451200
6.452800
6.454400
6.456000
6.457600
6.459200
6.460800
6.462400
6.464000
6.465600
6.467200
6.468800
6.470400
6.472000
6.473600
6.475200
6.476800
6.478400
6.480000
6.481600
6.483200
6.484800
6.486400
6.488000
6.489600
6.491200
6.492800
6.494400
6.496000
6.497600
6.499200
6.500800
6.502400
6.504000
6.505600
6.507200
6.508800
6.510400
6.512000
6.513600
6.515200
6.516800
6.518400
6.520000
6.521600
6.523200
6.524800
6.526400
6.528000
6.529600
6.531200
6.532800
6.534400
6.536000
6.537600
6.539200
6.540800
6.542400
6.544000
6.545600
6.547200
6.548800
6.550400
6.552000
6.553600
6.555200
6.556800
6.558400
6.560000
6.561600
6.563200
6.564800
6.566400
6.568000
6.569600
6.571200
6.572800
6.574400
6.576000
6.577600
6.579200
6.580800
6.582400
6.584000
6.585600
6.587200
6.588800
6.590400
6.592000
6.593600
6.595200
6.596800
6.598400
6.600000
6.601600
6.603200
6.604800
6.606400
6.608000
6.609600
6.611200
6.612800
6.614400
6.616000
6.617600
6.619200
6.620800
6.622400
6.624000
6.625600
6.627200
6.628800
6.630400
6.632000
6.633600
6.635200
6.636800
6.638400
6.640000
6.641600
6.643200
6.644800
6.646400
6.648000
6.649600
6.651200
6.652800
6.654400
6.656000
6.657600
6.659200
6.660800
6.662400
6.664000
6.665600
6.667200
6.668800
6.670400
6.672000
6.673600
6.675200
6.676800
6.678400
6.680000
6.681600
6.683200
6.684800
6.686400
6.688000
6.689600
6.691200
6.692800
6.694400
6.696000
6.697600
6.699200
6.700800
6.702400
6.704000
6.705600
6.707200
6.708800
6.710400
6.712000
6.713600
6.715200
6.716800
6.718400
6.720000
6.721600
6.723200
6.724800
6.726400
6.728000
6.729600
6.731200
6.732800
6.734400
6.736000
6.737600
6.739200
6.740800
6.742400
6.744000
6.745600
6.747200
6.748800
6.750400
6.752000
6.753600
6.755200
6.756800
6.758400
6.760000
6.761600
6.763200
6.764800
6.766400
6.768000
6.769600
6.771200
6.772800
6.774400
6.776000
6.777600
6.779200
6.780800
6.782400
6.784000
6.785600
6.787200
6.788800
6.790400
6.792000
6.793600
6.795200
6.796800
6.798400
6.800000
6.801600
6.803200
6.804800
6.806400
6.808000
6.809600
6.811200
6.812800
6.814400
6.816000
6.817600
6.819200
6.820800
6.822400
6.824000
6.825600
6.827200
6.828800
6.830400
6.832000
6.833600
6.835200
6.836800
6.838400
6.840000
6.841600
6.843200
6.844800
6.846400
6.848000
6.849600
6.851200
6.852800
6.854400
6.856000
6.857600
6.859200
6.860800
6.862400
6.864000
6.865600
6.867200
6.868800
6.870400
6.872000
6.873600
6.875200
6.876800
6.878400
6.880000
6.881600
6.883200
6.884800
6.886400
6.888000
6.889600
6.891200
6.892800
6.894400
6.896000
6.897600
6.899200
6.900800
6.902400
6.904000
6.905600
6.907200
6.908800
6.910400
6.912000
6.913600
6.915200
6.916800
6.918400
6.920000
6.921600
6.923200
6.924800
6.926400
6.928000
6.929600
6.931200
6.932800
6.934400
6.936000
6.937600
6.939200
6.940800
6.942400
6.944000
6.945600
6.947200
6.948800
6.950400
6.952000
6.953600
6.955200
6.956800
6.958400
6.960000
6.961600
6.963200
6.964800
6.966400
6.968000
6.969600
6.971200
6.972800
6.974400
6.976000
6.977600
6.979200
6.980800
6.982400
6.984000
6.985600
6.987200
6.988800
6.990400
6.992000
6.993600
6.995200
6.996800
6.998400
7.000000
7.001600
7.003200
7.004800
7.006400
7.008000
7.009600
7.011200
7.012800
7.014400
7.016000
7.017600
7.019200
7.020800
7.022400
7.024000
7.025600
7.027200
7.028800
7.030400
7.032000
7.033600
7.035200
7.036800
7.038400
7.040000
7.041600
7.043200
7.044800
7.046400
7.048000
7.049600
7.051200
7.052800
7.054400
7.056000
7.057600
7.059200
7.060800
7.062400
7.064000
7.065600
7.067200
7.068800
7.070400
7.072000
7.073600
7.075200
7.076800
7.078400
7.080000
7.081600
7.083200
7.084800
7.086400
7.088000
7.089600
7.091200
7.092800
7.094400
7.096000
7.097600
7.099200
7.100800
7.102400
7.104000
7.105600
7.107200
7.108800
7.110400
7.112000
7.113600
7.115200
7.116800
7.118400
7.120000
7.121600
7.123200
7.124800
7.126400
7.128000
7.129600
7.131200
7.132800
7.134400
7.136000
7.137600
7.139200
7.140800
7.142400
7.144000
7.145600
7.147200
7.148800
7.150400
7.152000
7.153600
7.155200
7.156800
7.158400
7.160000
7.161600
7.163200
7.164800
7.166400
7.168000
7.169600
7.171200
7.172800
7.174400
7.176000
7.177600
7.179200
7.180800
7.182400
7.184000
7.185600
7.187200
7.188800
7.190400
7.192000
7.193600
7.195200
7.196800
7.198400
7.200000
7.201600
7.203200
7.204800
7.206400
7.208000
7.209600
7.211200
7.212800
7.214400
7.216000
7.217600
7.219200
7.220800
7.222400
7.224000
7.225600
7.227200
7.228800
7.230400
7.232000
7.233600
7.235200
7.236800
7.238400
7.240000
7.241600
7.243200
7.244800
7.246400
7.248000
7.249600
7.251200
7.252800
7.254400
7.256000
7.257600
7.259200
7.260800
7.262400
7.264000
7.265600
7.267200
7.268800
7.270400
7.272000
7.273600
7.275200
7.276800
7.278400
7.280000
7.281600
7.283200
7.284800
7.286400
7.288000
7.289600
7.291200
7.292800
7.294400
7.296000
7.297600
7.299200
7.300800
7.302400
7.304000
7.305600
7.307200
7.308800
7.310400
7.312000
7.313600
7.315200
7.316800
7.318400
7.320000
7.321600
7.323200
7.324800
7.326400
7.328000
7.329600
7.331200
7.332800
7.334400
7.336000
7.337600
7.339200
7.340800
7.342400
7.344000
7.345600
7.347200
7.348800
7.350400
7.352000
7.353600
7.355200
7.356800
7.358400
7.360000
7.361600
7.363200
7.364800
7.366400
7.368000
7.369600
7.371200
7.372800
7.374400
7.376000
7.377600
7.379200
7.380800
7.382400
7.384000
7.385600
7.387200
7.388800
7.390400
7.392000
7.393600
7.395200
7.396800
7.398400
7.400000
7.401600
7.403200
7.404800
7.406400
7.408000
7.409600
7.411200
7.412800
7.414400
7.416000
7.417600
7.419200
7.420800
7.422400
7.424000
7.425600
7.427200
7.428800
7.430400
7.432000
7.433600
7.435200
7.436800
7.438400
7.440000
7.441600
7.443200
7.444800
7.446400
7.448000
7.449600
7.451200
7.452800
7.454400
7.456000
7.457600
7.459200
7.460800
7.462400
7.464000
7.465600
7.467200
7.468800
7.470400
7.472000
7.473600
7.475200
7.476800
7.478400
7.480000
7.481600
7.483200
7.484800
7.486400
7.488000
7.489600
7.491200
7.492800
7.494400
7.496000
7.497600
7.499200
7.500800
7.502400
7.504000
7.505600
7.507200
7.508800
7.510400
7.512000
7.513600
7.515200
7.516800
7.518400
7.520000
7.521600
7.523200
7.524800
7.526400
7.528000
7.529600
7.531200
7.532800
7.534400
7.536000
7.537600
7.539200
7.540800
7.542400
7.544000
7.545600
7.547200
7.548800
7.550400
7.552000
7.553600
7.555200
7.556800
7.558400
7.560000
7.561600
7.563200
7.564800
7.566400
7.568000
7.569600
7.571200
7.572800
7.574400
7.576000
7.577600
7.579200
7.580800
7.582400
7.584000
7.585600
7.587200
7.588800
7.590400
7.592000
7.593600
7.595200
7.596800
7.598400
7.600000
7.601600
7.603200
7.604800
7.606400
7.608000
7.609600
7.611200
7.612800
7.614400
7.616000
7.617600
7.619200
7.620800
7.622400
7.624000
7.625600
7.627200
7.628800
7.630400
7.632000
7.633600
7.635200
7.636800
7.638400
7.640000
7.641600
7.643200
7.644800
7.646400
7.648000
7.649600
7.651200
7.652800
7.654400
7.656000
7.657600
7.659200
7.660800
7.662400
7.664000
7.665600
7.667200
7.668800
7.670400
7.672000
7.673600
7.675200
7.676800
7.678400
7.680000
7.681600
7.683200
7.684800
7.686400
7.688000
7.689600
7.691200
7.692800
7.694400
7.696000
7.697600
7.699200
7.700800
7.702400
7.704000
7.705600
7.707200
7.708800
7.710400
7.712000
7.713600
7.715200
7.716800
7.718400
7.720000
7.721600
7.723200
7.724800
7.726400
7.728000
7.729600
7.731200
7.732800
7.734400
7.736000
7.737600
7.739200
7.740800
7.742400
7.744000
7.745600
7.747200
7.748800
7.750400
7.752000
7.753600
7.755200
7.756800
7.758400
7.760000
7.761600
7.763200
7.764800
7.766400
7.768000
7.769600
7.771200
7.772800
7.774400
7.776000
7.777600
7.779200
7.780800
7.782400
7.784000
7.785600
7.787200
7.788800
7.790400
7.792000
7.793600
7.795200
7.796800
7.798400
7.800000
7.801600
