-0.128489 -0.052447 0.769347
-0.128489 -0.052447 0.769347
-0.128489 -0.052459 0.769322
-0.128221 -0.052507 0.769294
-0.127980 -0.052527 0.769254
-0.127737 -0.052527 0.769204
-0.127494 -0.052505 0.769144
-0.127252 -0.052463 0.769077
-0.127010 -0.052400 0.769000
-0.126769 -0.052318 0.768916
-0.126528 -0.052218 0.768824
-0.126287 -0.052099 0.768725
-0.126046 -0.051963 0.768618
-0.125806 -0.051811 0.768504
-0.125567 -0.051642 0.768383
-0.125328 -0.051459 0.768254
-0.125089 -0.051262 0.768118
-0.124852 -0.051051 0.767976
-0.124613 -0.050827 0.767827
-0.124376 -0.050590 0.767671
-0.124139 -0.050342 0.767509
-0.123903 -0.050082 0.767340
-0.123666 -0.049811 0.767164
-0.123430 -0.049530 0.766983
-0.123195 -0.049239 0.766796
-0.122960 -0.048938 0.766603
-0.122725 -0.048628 0.766404
-0.122490 -0.048310 0.766200
-0.122256 -0.047983 0.765990
-0.122023 -0.047648 0.765774
-0.121789 -0.047305 0.765554
-0.121555 -0.046955 0.765329
-0.121322 -0.046598 0.765099
-0.121090 -0.046234 0.764864
-0.120857 -0.045864 0.764624
-0.120625 -0.045488 0.764379
-0.120393 -0.045106 0.764131
-0.120162 -0.044719 0.763878
-0.119930 -0.044325 0.763620
-0.119699 -0.043927 0.763359
-0.119467 -0.043523 0.763094
-0.119236 -0.043115 0.762825
-0.119005 -0.042703 0.762553
-0.118775 -0.042285 0.762276
-0.118544 -0.041865 0.761996
-0.118314 -0.041440 0.761713
-0.118084 -0.041011 0.761426
-0.117854 -0.040578 0.761136
-0.117624 -0.040142 0.760843
-0.117395 -0.039702 0.760546
-0.117165 -0.039260 0.760247
-0.116936 -0.038814 0.759945
-0.116706 -0.038365 0.759640
-0.116477 -0.037913 0.759332
-0.116248 -0.037459 0.759022
-0.116019 -0.037002 0.758710
-0.115790 -0.036542 0.758394
-0.115560 -0.036080 0.758077
-0.115332 -0.035616 0.757756
-0.115103 -0.035150 0.757434
-0.114874 -0.034681 0.757109
-0.114646 -0.034211 0.756783
-0.114417 -0.033738 0.756454
-0.114189 -0.033264 0.756123
-0.113960 -0.032788 0.755790
-0.113732 -0.032310 0.755455
-0.113503 -0.031830 0.755119
-0.113275 -0.031349 0.754780
-0.113046 -0.030866 0.754440
-0.112817 -0.030382 0.754098
-0.112589 -0.029896 0.753755
-0.112360 -0.029409 0.753409
-0.112132 -0.028920 0.753063
-0.111903 -0.028430 0.752714
-0.111675 -0.027939 0.752365
-0.111447 -0.027447 0.752013
-0.111218 -0.026953 0.751661
-0.110989 -0.026459 0.751307
-0.110761 -0.025963 0.750952
-0.110531 -0.025466 0.750595
-0.110302 -0.024967 0.750238
-0.110073 -0.024468 0.749880
-0.109844 -0.023967 0.749520
-0.109614 -0.023466 0.749159
-0.109385 -0.022963 0.748797
-0.109155 -0.022460 0.748434
-0.108926 -0.021956 0.748069
-0.108696 -0.021450 0.747703
-0.108466 -0.020944 0.747337
-0.108236 -0.020437 0.746969
-0.108006 -0.019929 0.746601
-0.107775 -0.019420 0.746232
-0.107544 -0.018909 0.745862
-0.107313 -0.018398 0.745492
-0.107081 -0.017886 0.745120
-0.106850 -0.017373 0.744748
-0.106618 -0.016859 0.744374
-0.106386 -0.016344 0.744000
-0.106153 -0.015829 0.743625
-0.105920 -0.015312 0.743250
-0.105686 -0.014794 0.742873
-0.105453 -0.014276 0.742496
-0.105219 -0.013757 0.742118
-0.104984 -0.013236 0.741739
-0.104750 -0.012715 0.741360
-0.104514 -0.012193 0.740979
-0.104278 -0.011670 0.740598
-0.104042 -0.011146 0.740216
-0.103806 -0.010622 0.739834
-0.103569 -0.010096 0.739450
-0.103331 -0.009570 0.739066
-0.103093 -0.009042 0.738681
-0.102855 -0.008514 0.738295
-0.102615 -0.007985 0.737909
-0.102375 -0.007454 0.737522
-0.102135 -0.006923 0.737134
-0.101894 -0.006391 0.736746
-0.101652 -0.005857 0.736357
-0.101409 -0.005323 0.735967
-0.101166 -0.004787 0.735577
-0.100921 -0.004250 0.735186
-0.100677 -0.003713 0.734794
-0.100430 -0.003174 0.734402
-0.100183 -0.002634 0.734009
-0.099935 -0.002093 0.733615
-0.099686 -0.001551 0.733221
-0.099437 -0.001007 0.732825
-0.099186 -0.000463 0.732429
-0.098935 0.000082 0.732032
-0.098682 0.000628 0.731635
-0.098428 0.001175 0.731236
-0.098173 0.001724 0.730837
-0.097917 0.002273 0.730437
-0.097660 0.002824 0.730036
-0.097402 0.003376 0.729635
-0.097142 0.003929 0.729232
-0.096881 0.004483 0.728829
-0.096619 0.005039 0.728425
-0.096355 0.005595 0.728020
-0.096090 0.006153 0.727615
-0.095824 0.006712 0.727208
-0.095556 0.007272 0.726801
-0.095286 0.007833 0.726393
-0.095014 0.008396 0.725985
-0.094740 0.008959 0.725575
-0.094465 0.009524 0.725165
-0.094188 0.010090 0.724754
-0.093910 0.010658 0.724341
-0.093630 0.011226 0.723928
-0.093348 0.011795 0.723514
-0.093064 0.012366 0.723099
-0.092778 0.012937 0.722683
-0.092490 0.013510 0.722266
-0.092199 0.014083 0.721849
-0.091907 0.014658 0.721430
-0.091613 0.015234 0.721010
-0.091316 0.015811 0.720589
-0.091017 0.016388 0.720167
-0.090716 0.016967 0.719744
-0.090414 0.017547 0.719319
-0.090108 0.018127 0.718894
-0.089800 0.018708 0.718468
-0.089490 0.019291 0.718040
-0.089177 0.019874 0.717611
-0.088862 0.020458 0.717182
-0.088544 0.021043 0.716751
-0.088223 0.021628 0.716319
-0.087899 0.022215 0.715886
-0.087572 0.022802 0.715452
-0.087243 0.023389 0.715017
-0.086911 0.023978 0.714581
-0.086576 0.024567 0.714143
-0.086238 0.025156 0.713704
-0.085898 0.025746 0.713263
-0.085555 0.026336 0.712822
-0.085209 0.026926 0.712379
-0.084859 0.027517 0.711935
-0.084506 0.028108 0.711489
-0.084150 0.028700 0.711043
-0.083791 0.029292 0.710595
-0.083429 0.029883 0.710145
-0.083063 0.030475 0.709695
-0.082693 0.031067 0.709243
-0.082320 0.031659 0.708791
-0.081944 0.032251 0.708336
-0.081564 0.032842 0.707881
-0.081181 0.033433 0.707424
-0.080795 0.034024 0.706965
-0.080405 0.034615 0.706506
-0.080011 0.035205 0.706044
-0.079614 0.035794 0.705582
-0.079213 0.036383 0.705118
-0.078809 0.036971 0.704652
-0.078401 0.037558 0.704185
-0.077990 0.038144 0.703716
-0.077574 0.038729 0.703247
-0.077155 0.039313 0.702775
-0.076732 0.039896 0.702303
-0.076305 0.040478 0.701829
-0.075874 0.041058 0.701353
-0.075440 0.041637 0.700876
-0.075002 0.042214 0.700398
-0.074559 0.042789 0.699918
-0.074114 0.043363 0.699436
-0.073665 0.043935 0.698953
-0.073213 0.044505 0.698468
-0.072756 0.045072 0.697982
-0.072296 0.045638 0.697494
-0.071832 0.046201 0.697004
-0.071365 0.046762 0.696513
-0.070894 0.047320 0.696021
-0.070420 0.047876 0.695526
-0.069943 0.048429 0.695030
-0.069462 0.048978 0.694532
-0.068977 0.049526 0.694033
-0.068489 0.050069 0.693533
-0.067998 0.050610 0.693030
-0.067502 0.051148 0.692526
-0.067004 0.051682 0.692021
-0.066502 0.052212 0.691515
-0.065997 0.052739 0.691007
-0.065489 0.053262 0.690497
-0.064978 0.053781 0.689985
-0.064464 0.054296 0.689472
-0.063947 0.054807 0.688958
-0.063428 0.055314 0.688442
-0.062905 0.055817 0.687925
-0.062380 0.056315 0.687406
-0.061852 0.056808 0.686886
-0.061322 0.057297 0.686365
-0.060789 0.057781 0.685842
-0.060254 0.058260 0.685318
-0.059716 0.058734 0.684793
-0.059177 0.059203 0.684266
-0.058635 0.059667 0.683739
-0.058091 0.060125 0.683210
-0.057545 0.060578 0.682680
-0.056997 0.061026 0.682150
-0.056449 0.061468 0.681618
-0.055898 0.061905 0.681085
-0.055347 0.062335 0.680551
-0.054795 0.062761 0.680016
-0.054241 0.063180 0.679480
-0.053687 0.063593 0.678944
-0.053131 0.064001 0.678407
-0.052575 0.064401 0.677869
-0.052019 0.064797 0.677331
-0.051462 0.065186 0.676793
-0.050906 0.065569 0.676254
-0.050349 0.065946 0.675715
-0.049793 0.066316 0.675176
-0.049237 0.066681 0.674637
-0.048681 0.067038 0.674098
-0.048126 0.067390 0.673560
-0.047572 0.067736 0.673021
-0.047020 0.068075 0.672483
-0.046469 0.068409 0.671945
-0.045920 0.068737 0.671408
-0.045372 0.069059 0.670872
-0.044827 0.069376 0.670336
-0.044285 0.069687 0.669801
-0.043745 0.069992 0.669268
-0.043208 0.070292 0.668735
-0.042674 0.070587 0.668205
-0.042142 0.070876 0.667675
-0.041615 0.071162 0.667148
-0.041092 0.071442 0.666622
-0.040573 0.071719 0.666098
-0.040058 0.071992 0.665576
-0.039548 0.072261 0.665057
-0.039043 0.072527 0.664540
-0.038543 0.072790 0.664026
-0.038048 0.073050 0.663514
-0.037560 0.073309 0.663006
-0.037077 0.073565 0.662501
-0.036600 0.073819 0.661999
-0.036130 0.074074 0.661501
-0.035667 0.074328 0.661006
-0.035211 0.074581 0.660515
-0.034762 0.074835 0.660028
-0.034321 0.075090 0.659546
-0.033888 0.075347 0.659067
-0.033462 0.075605 0.658594
-0.033044 0.075865 0.658125
-0.032635 0.076128 0.657661
-0.032234 0.076394 0.657202
-0.031842 0.076664 0.656747
-0.031458 0.076938 0.656298
-0.031083 0.077217 0.655855
-0.030717 0.077500 0.655416
-0.030360 0.077788 0.654984
-0.030011 0.078081 0.654557
-0.029671 0.078380 0.654135
-0.029340 0.078684 0.653719
-0.029018 0.078994 0.653310
-0.028704 0.079311 0.652905
-0.028399 0.079635 0.652506
-0.028103 0.079965 0.652113
-0.027815 0.080302 0.651726
-0.027535 0.080644 0.651344
-0.027263 0.080993 0.650968
-0.026998 0.081348 0.650598
-0.026741 0.081710 0.650233
-0.026492 0.082078 0.649873
-0.026249 0.082452 0.649519
-0.026013 0.082833 0.649170
-0.025784 0.083218 0.648827
-0.025561 0.083608 0.648488
-0.025343 0.084004 0.648155
-0.025132 0.084405 0.647826
-0.024925 0.084811 0.647502
-0.024724 0.085221 0.647183
-0.024528 0.085636 0.646868
-0.024337 0.086055 0.646557
-0.024150 0.086478 0.646251
-0.023967 0.086904 0.645948
-0.023787 0.087333 0.645650
-0.023612 0.087766 0.645355
-0.023440 0.088202 0.645064
-0.023272 0.088641 0.644776
-0.023106 0.089081 0.644491
-0.022943 0.089523 0.644210
-0.022783 0.089968 0.643932
-0.022625 0.090416 0.643657
-0.022470 0.090865 0.643384
-0.022317 0.091315 0.643115
-0.022166 0.091767 0.642847
-0.022017 0.092220 0.642583
-0.021869 0.092675 0.642320
-0.021724 0.093131 0.642059
-0.021580 0.093588 0.641800
-0.021437 0.094045 0.641544
-0.021296 0.094503 0.641289
-0.021156 0.094962 0.641036
-0.021017 0.095420 0.640786
-0.020879 0.095880 0.640536
-0.020742 0.096340 0.640288
-0.020606 0.096801 0.640041
-0.020471 0.097261 0.639796
-0.020337 0.097723 0.639552
-0.020204 0.098185 0.639309
-0.020072 0.098647 0.639067
-0.019940 0.099108 0.638826
-0.019809 0.099569 0.638587
-0.019679 0.100030 0.638348
-0.019549 0.100493 0.638110
-0.019420 0.100954 0.637873
-0.019291 0.101415 0.637637
-0.019163 0.101876 0.637402
-0.019035 0.102338 0.637167
-0.018908 0.102799 0.636933
-0.018781 0.103261 0.636699
-0.018655 0.103722 0.636466
-0.018529 0.104184 0.636233
-0.018404 0.104646 0.636001
-0.018279 0.105108 0.635769
-0.018155 0.105570 0.635537
-0.018031 0.106032 0.635307
-0.017907 0.106493 0.635077
-0.017784 0.106954 0.634847
-0.017661 0.107415 0.634617
-0.017539 0.107877 0.634388
-0.017416 0.108337 0.634159
-0.017294 0.108799 0.633931
-0.017173 0.109260 0.633703
-0.017052 0.109720 0.633475
-0.016931 0.110181 0.633248
-0.016810 0.110641 0.633021
-0.016690 0.111102 0.632795
-0.016570 0.111561 0.632569
-0.016450 0.112022 0.632343
-0.016331 0.112482 0.632117
-0.016212 0.112943 0.631891
-0.016094 0.113403 0.631666
-0.015976 0.113863 0.631441
-0.015858 0.114323 0.631216
-0.015740 0.114784 0.630992
-0.015623 0.115245 0.630767
-0.015506 0.115706 0.630543
-0.015390 0.116166 0.630319
-0.015274 0.116626 0.630096
-0.015158 0.117087 0.629872
-0.015042 0.117548 0.629649
-0.014927 0.118009 0.629426
-0.014812 0.118470 0.629204
-0.014697 0.118931 0.628981
-0.014583 0.119392 0.628759
-0.014469 0.119853 0.628537
-0.014356 0.120313 0.628316
-0.014242 0.120773 0.628095
-0.014129 0.121233 0.627875
-0.014016 0.121694 0.627655
-0.013904 0.122155 0.627434
-0.013792 0.122616 0.627215
-0.013680 0.123077 0.626995
-0.013569 0.123539 0.626775
-0.013458 0.124000 0.626556
-0.013347 0.124462 0.626337
-0.013237 0.124923 0.626118
-0.013127 0.125385 0.625900
-0.013017 0.125847 0.625682
-0.012907 0.126309 0.625464
-0.012798 0.126771 0.625246
-0.012690 0.127234 0.625029
-0.012581 0.127696 0.624812
-0.012473 0.128158 0.624595
-0.012365 0.128620 0.624379
-0.012258 0.129083 0.624164
-0.012150 0.129545 0.623948
-0.012043 0.130008 0.623733
-0.011937 0.130470 0.623518
-0.011831 0.130934 0.623304
-0.011725 0.131397 0.623089
-0.011619 0.131861 0.622875
-0.011514 0.132325 0.622662
-0.011409 0.132788 0.622449
-0.011304 0.133252 0.622236
-0.011200 0.133716 0.622023
-0.011095 0.134180 0.621811
-0.010992 0.134644 0.621600
-0.010888 0.135107 0.621389
-0.010785 0.135571 0.621178
-0.010682 0.136035 0.620968
-0.010579 0.136499 0.620758
-0.010477 0.136964 0.620548
-0.010375 0.137429 0.620339
-0.010273 0.137894 0.620130
-0.010172 0.138359 0.619922
-0.010070 0.138824 0.619714
-0.009970 0.139289 0.619506
-0.009869 0.139754 0.619299
-0.009769 0.140219 0.619093
-0.009669 0.140684 0.618887
-0.009569 0.141150 0.618681
-0.009469 0.141615 0.618476
-0.009370 0.142081 0.618272
-0.009271 0.142546 0.618068
-0.009173 0.143011 0.617864
-0.009074 0.143476 0.617662
-0.008976 0.143942 0.617459
-0.008878 0.144408 0.617257
-0.008781 0.144874 0.617055
-0.008684 0.145340 0.616854
-0.008587 0.145806 0.616653
-0.008490 0.146272 0.616453
-0.008394 0.146739 0.616253
-0.008297 0.147205 0.616053
-0.008202 0.147672 0.615855
-0.008106 0.148138 0.615657
-0.008011 0.148605 0.615459
-0.007916 0.149072 0.615262
-0.007821 0.149538 0.615066
-0.007727 0.150004 0.614870
-0.007632 0.150471 0.614675
-0.007538 0.150938 0.614480
-0.007445 0.151405 0.614286
-0.007351 0.151872 0.614092
-0.007258 0.152339 0.613899
-0.007166 0.152805 0.613707
-0.007073 0.153272 0.613516
-0.006981 0.153739 0.613325
-0.006889 0.154205 0.613135
-0.006797 0.154672 0.612945
-0.006706 0.155140 0.612755
-0.006615 0.155607 0.612566
-0.006524 0.156075 0.612377
-0.006434 0.156542 0.612190
-0.006344 0.157009 0.612003
-0.006254 0.157476 0.611816
-0.006164 0.157943 0.611631
-0.006075 0.158411 0.611445
-0.005986 0.158878 0.611261
-0.005897 0.159346 0.611077
-0.005809 0.159813 0.610893
-0.005721 0.160281 0.610711
-0.005633 0.160749 0.610529
-0.005545 0.161217 0.610347
-0.005458 0.161686 0.610166
-0.005371 0.162153 0.609985
-0.005285 0.162622 0.609806
-0.005198 0.163090 0.609627
-0.005112 0.163558 0.609449
-0.005026 0.164026 0.609272
-0.004941 0.164494 0.609095
-0.004856 0.164962 0.608920
-0.004773 0.165427 0.608746
-0.004692 0.165889 0.608574
-0.004614 0.166348 0.608403
-0.004538 0.166803 0.608233
-0.004464 0.167254 0.608067
-0.004393 0.167701 0.607902
-0.004323 0.168144 0.607740
-0.004256 0.168584 0.607579
-0.004190 0.169020 0.607421
-0.004127 0.169452 0.607266
-0.004065 0.169880 0.607113
-0.004005 0.170304 0.606962
-0.003946 0.170723 0.606815
-0.003889 0.171138 0.606670
-0.003834 0.171550 0.606528
-0.003780 0.171957 0.606389
-0.003728 0.172359 0.606253
-0.003677 0.172757 0.606119
-0.003627 0.173151 0.605988
-0.003578 0.173541 0.605860
-0.003531 0.173927 0.605735
-0.003485 0.174308 0.605613
-0.003441 0.174684 0.605493
-0.003397 0.175056 0.605376
-0.003355 0.175424 0.605262
-0.003313 0.175788 0.605151
-0.003273 0.176149 0.605041
-0.003233 0.176504 0.604935
-0.003195 0.176856 0.604831
-0.003157 0.177203 0.604729
-0.003121 0.177547 0.604630
-0.003085 0.177886 0.604533
-0.003050 0.178221 0.604439
-0.003016 0.178552 0.604347
-0.002983 0.178878 0.604257
-0.002950 0.179201 0.604170
-0.002919 0.179520 0.604084
-0.002888 0.179835 0.604001
-0.002857 0.180145 0.603920
-0.002827 0.180452 0.603841
-0.002798 0.180755 0.603764
-0.002770 0.181054 0.603689
-0.002742 0.181349 0.603616
-0.002715 0.181640 0.603545
-0.002689 0.181927 0.603476
-0.002662 0.182211 0.603408
-0.002637 0.182490 0.603343
-0.002612 0.182766 0.603279
-0.002588 0.183038 0.603217
-0.002564 0.183306 0.603156
-0.002540 0.183571 0.603096
-0.002517 0.183833 0.603038
-0.002494 0.184091 0.602982
-0.002472 0.184346 0.602927
-0.002450 0.184597 0.602873
-0.002429 0.184844 0.602820
-0.002407 0.185088 0.602769
-0.002387 0.185329 0.602719
-0.002366 0.185566 0.602671
-0.002346 0.185800 0.602624
-0.002326 0.186031 0.602577
-0.002307 0.186257 0.602532
-0.002288 0.186481 0.602489
-0.002269 0.186701 0.602446
-0.002251 0.186919 0.602405
-0.002232 0.187133 0.602364
-0.002214 0.187344 0.602324
-0.002196 0.187552 0.602285
-0.002179 0.187757 0.602247
-0.002162 0.187959 0.602210
-0.002144 0.188158 0.602173
-0.002127 0.188355 0.602137
-0.002111 0.188548 0.602102
-0.002094 0.188738 0.602068
-0.002078 0.188925 0.602035
-0.002062 0.189109 0.602002
-0.002046 0.189291 0.601970
-0.002030 0.189469 0.601939
-0.002015 0.189646 0.601908
-0.001999 0.189819 0.601878
-0.001984 0.189990 0.601849
-0.001969 0.190158 0.601820
-0.001954 0.190324 0.601791
-0.001939 0.190487 0.601762
-0.001924 0.190647 0.601735
-0.001910 0.190805 0.601708
-0.001895 0.190961 0.601681
-0.001881 0.191114 0.601654
-0.001866 0.191265 0.601628
-0.001853 0.191413 0.601603
-0.001838 0.191559 0.601578
-0.001824 0.191703 0.601553
-0.001811 0.191844 0.601529
-0.001797 0.191983 0.601504
-0.001783 0.192120 0.601481
-0.001769 0.192255 0.601457
-0.001755 0.192387 0.601434
-0.001742 0.192517 0.601411
-0.001729 0.192645 0.601389
-0.001716 0.192770 0.601367
-0.001702 0.192894 0.601346
-0.001689 0.193016 0.601324
-0.001676 0.193136 0.601302
-0.001663 0.193254 0.601281
-0.001650 0.193370 0.601260
-0.001637 0.193484 0.601239
-0.001624 0.193596 0.601218
-0.001611 0.193706 0.601198
-0.001599 0.193814 0.601178
-0.001586 0.193921 0.601158
-0.001573 0.194026 0.601138
-0.001560 0.194129 0.601118
-0.001547 0.194230 0.601098
-0.001535 0.194329 0.601079
-0.001523 0.194427 0.601060
-0.001510 0.194523 0.601041
-0.001498 0.194617 0.601022
-0.001486 0.194710 0.601004
-0.001473 0.194800 0.600985
-0.001461 0.194890 0.600967
-0.001449 0.194977 0.600949
-0.001437 0.195064 0.600930
-0.001425 0.195149 0.600912
-0.001413 0.195232 0.600894
-0.001401 0.195314 0.600876
-0.001389 0.195395 0.600858
-0.001377 0.195474 0.600840
-0.001365 0.195552 0.600822
-0.001353 0.195629 0.600804
-0.001341 0.195704 0.600786
-0.001330 0.195778 0.600768
-0.001318 0.195850 0.600750
-0.001306 0.195922 0.600732
-0.001295 0.195992 0.600715
-0.001283 0.196061 0.600697
-0.001272 0.196128 0.600680
-0.001260 0.196195 0.600663
-0.001248 0.196259 0.600646
-0.001237 0.196323 0.600629
-0.001226 0.196385 0.600613
-0.001214 0.196446 0.600596
-0.001203 0.196507 0.600579
-0.001192 0.196566 0.600563
-0.001181 0.196624 0.600546
-0.001170 0.196681 0.600530
-0.001159 0.196737 0.600513
-0.001148 0.196793 0.600496
-0.001136 0.196847 0.600479
-0.001125 0.196901 0.600463
-0.001115 0.196953 0.600446
-0.001104 0.197004 0.600430
-0.001093 0.197054 0.600414
-0.001083 0.197103 0.600398
-0.001072 0.197151 0.600382
-0.001062 0.197199 0.600366
-0.001051 0.197246 0.600350
-0.001040 0.197292 0.600334
-0.001030 0.197336 0.600318
-0.001019 0.197381 0.600302
-0.001009 0.197424 0.600286
-0.000999 0.197467 0.600270
-0.000989 0.197509 0.600254
-0.000978 0.197550 0.600238
-0.000969 0.197590 0.600222
-0.000959 0.197629 0.600207
-0.000949 0.197668 0.600191
-0.000939 0.197706 0.600176
-0.000928 0.197744 0.600160
-0.000918 0.197781 0.600144
-0.000909 0.197817 0.600129
-0.000899 0.197852 0.600114
-0.000889 0.197887 0.600099
-0.000880 0.197921 0.600084
-0.000870 0.197954 0.600069
-0.000860 0.197987 0.600054
-0.000851 0.198019 0.600039
-0.000841 0.198051 0.600025
-0.000832 0.198082 0.600010
-0.000822 0.198112 0.599995
-0.000813 0.198142 0.599981
-0.000804 0.198171 0.599967
-0.000794 0.198200 0.599953
-0.000785 0.198229 0.599939
-0.000775 0.198256 0.599925
-0.000766 0.198283 0.599911
-0.000757 0.198309 0.599898
-0.000748 0.198334 0.599885
-0.000739 0.198359 0.599872
-0.000730 0.198385 0.599859
-0.000721 0.198409 0.599846
-0.000713 0.198433 0.599833
-0.000704 0.198456 0.599820
-0.000695 0.198478 0.599808
-0.000687 0.198501 0.599795
-0.000678 0.198523 0.599783
-0.000669 0.198545 0.599770
-0.000661 0.198566 0.599757
-0.000652 0.198587 0.599745
-0.000644 0.198608 0.599733
-0.000636 0.198628 0.599721
-0.000628 0.198647 0.599709
-0.000619 0.198667 0.599697
-0.000611 0.198686 0.599684
-0.000603 0.198705 0.599673
-0.000595 0.198723 0.599661
-0.000587 0.198740 0.599650
-0.000579 0.198758 0.599639
-0.000571 0.198775 0.599628
-0.000564 0.198791 0.599617
-0.000556 0.198808 0.599606
-0.000548 0.198824 0.599595
-0.000541 0.198840 0.599584
-0.000533 0.198855 0.599574
-0.000526 0.198870 0.599563
-0.000519 0.198885 0.599553
-0.000511 0.198900 0.599542
-0.000504 0.198914 0.599532
-0.000497 0.198929 0.599522
-0.000490 0.198942 0.599511
-0.000483 0.198956 0.599501
-0.000476 0.198969 0.599491
-0.000469 0.198982 0.599481
-0.000463 0.198995 0.599471
-0.000456 0.199008 0.599461
-0.000449 0.199020 0.599451
-0.000443 0.199033 0.599442
-0.000436 0.199045 0.599432
-0.000430 0.199057 0.599422
-0.000423 0.199068 0.599412
-0.000417 0.199079 0.599403
-0.000411 0.199091 0.599394
-0.000404 0.199102 0.599384
-0.000398 0.199113 0.599375
-0.000392 0.199123 0.599366
-0.000386 0.199133 0.599357
-0.000380 0.199143 0.599348
-0.000374 0.199154 0.599340
-0.000369 0.199163 0.599331
-0.000363 0.199173 0.599323
-0.000357 0.199182 0.599314
-0.000352 0.199191 0.599306
-0.000346 0.199200 0.599298
-0.000341 0.199209 0.599290
-0.000335 0.199218 0.599281
-0.000330 0.199227 0.599273
-0.000325 0.199235 0.599265
-0.000320 0.199243 0.599257
-0.000314 0.199252 0.599249
-0.000309 0.199260 0.599241
-0.000304 0.199268 0.599233
-0.000299 0.199276 0.599225
-0.000294 0.199284 0.599217
-0.000289 0.199292 0.599209
-0.000284 0.199299 0.599202
-0.000279 0.199307 0.599194
-0.000275 0.199314 0.599187
-0.000270 0.199321 0.599180
-0.000265 0.199328 0.599173
-0.000260 0.199336 0.599165
-0.000255 0.199342 0.599159
-0.000251 0.199349 0.599152
-0.000246 0.199355 0.599146
-0.000242 0.199361 0.599139
-0.000237 0.199368 0.599133
-0.000233 0.199373 0.599127
-0.000228 0.199380 0.599121
-0.000224 0.199385 0.599116
-0.000220 0.199391 0.599110
-0.000215 0.199397 0.599104
-0.000211 0.199402 0.599098
-0.000207 0.199407 0.599093
-0.000203 0.199412 0.599088
-0.000199 0.199417 0.599082
-0.000195 0.199423 0.599077
-0.000191 0.199428 0.599072
-0.000187 0.199433 0.599066
-0.000183 0.199437 0.599061
-0.000180 0.199442 0.599056
-0.000176 0.199447 0.599051
-0.000172 0.199452 0.599046
-0.000168 0.199457 0.599041
-0.000165 0.199461 0.599037
-0.000162 0.199465 0.599032
-0.000158 0.199469 0.599028
-0.000155 0.199473 0.599023
-0.000151 0.199478 0.599019
-0.000148 0.199482 0.599014
-0.000145 0.199486 0.599009
-0.000142 0.199490 0.599005
-0.000139 0.199494 0.599000
-0.000135 0.199498 0.598996
-0.000133 0.199502 0.598991
-0.000129 0.199507 0.598987
-0.000126 0.199511 0.598982
-0.000123 0.199515 0.598978
-0.000121 0.199518 0.598974
-0.000118 0.199522 0.598970
-0.000115 0.199525 0.598966
-0.000112 0.199529 0.598962
-0.000109 0.199533 0.598958
-0.000107 0.199536 0.598954
-0.000104 0.199540 0.598950
-0.000102 0.199543 0.598947
-0.000099 0.199546 0.598943
-0.000096 0.199550 0.598939
-0.000094 0.199553 0.598935
-0.000091 0.199556 0.598932
-0.000089 0.199560 0.598928
-0.000087 0.199563 0.598925
-0.000084 0.199566 0.598921
-0.000082 0.199569 0.598918
-0.000080 0.199572 0.598915
-0.000078 0.199575 0.598912
-0.000076 0.199577 0.598909
-0.000073 0.199581 0.598905
-0.000071 0.199583 0.598902
-0.000069 0.199586 0.598899
-0.000067 0.199589 0.598895
-0.000065 0.199592 0.598892
-0.000063 0.199595 0.598889
-0.000061 0.199598 0.598886
-0.000059 0.199601 0.598883
-0.000057 0.199604 0.598880
-0.000055 0.199607 0.598877
-0.000053 0.199609 0.598874
-0.000051 0.199612 0.598872
-0.000050 0.199614 0.598869
-0.000048 0.199617 0.598867
-0.000046 0.199619 0.598864
-0.000044 0.199621 0.598862
-0.000042 0.199624 0.598859
-0.000041 0.199627 0.598857
-0.000039 0.199629 0.598854
-0.000037 0.199632 0.598852
-0.000035 0.199634 0.598849
-0.000033 0.199637 0.598847
-0.000032 0.199639 0.598845
-0.000031 0.199640 0.598843
-0.000029 0.199642 0.598842
-0.000028 0.199644 0.598840
-0.000026 0.199647 0.598838
-0.000024 0.199649 0.598836
-0.000022 0.199652 0.598834
-0.000020 0.199654 0.598832
-0.000019 0.199656 0.598830
-0.000017 0.199658 0.598829
-0.000016 0.199660 0.598827
-0.000014 0.199661 0.598826
-0.000013 0.199663 0.598825
-0.000011 0.199665 0.598824
-0.000009 0.199667 0.598823
-0.000008 0.199668 0.598822
-0.000007 0.199669 0.598821
-0.000005 0.199671 0.598820
-0.000004 0.199672 0.598820
-0.000003 0.199674 0.598819
-0.000001 0.199675 0.598818
0.000000 0.199677 0.598817
0.000002 0.199678 0.598816
0.000003 0.199680 0.598816
0.000004 0.199681 0.598815
0.000006 0.199683 0.598814
0.000007 0.199684 0.598813
0.000008 0.199686 0.598813
0.000009 0.199687 0.598812
0.000010 0.199688 0.598811
0.000011 0.199689 0.598811
0.000012 0.199691 0.598810
0.000013 0.199692 0.598809
0.000014 0.199693 0.598808
0.000015 0.199695 0.598808
0.000016 0.199696 0.598806
0.000017 0.199698 0.598806
0.000018 0.199699 0.598805
0.000019 0.199701 0.598804
0.000020 0.199703 0.598802
0.000020 0.199704 0.598801
0.000021 0.199706 0.598800
0.000022 0.199707 0.598800
0.000023 0.199709 0.598799
0.000024 0.199710 0.598798
0.000024 0.199711 0.598798
0.000025 0.199712 0.598797
0.000026 0.199713 0.598797
0.000027 0.199714 0.598796
0.000027 0.199715 0.598795
0.000028 0.199717 0.598794
0.000029 0.199719 0.598793
0.000030 0.199720 0.598793
0.000031 0.199721 0.598792
0.000031 0.199722 0.598791
0.000032 0.199723 0.598791
0.000033 0.199725 0.598790
0.000033 0.199726 0.598790
0.000034 0.199727 0.598789
0.000034 0.199728 0.598788
0.000035 0.199729 0.598788
0.000036 0.199731 0.598787
0.000036 0.199732 0.598786
0.000037 0.199733 0.598786
0.000038 0.199734 0.598785
0.000038 0.199735 0.598785
0.000039 0.199736 0.598785
0.000039 0.199737 0.598784
0.000040 0.199738 0.598784
0.000040 0.199738 0.598784
0.000041 0.199739 0.598784
0.000041 0.199740 0.598783
0.000042 0.199741 0.598783
0.000042 0.199742 0.598782
0.000042 0.199744 0.598782
0.000043 0.199745 0.598781
0.000043 0.199746 0.598780
0.000044 0.199748 0.598779
0.000045 0.199749 0.598778
0.000045 0.199750 0.598778
0.000046 0.199751 0.598777
0.000046 0.199752 0.598777
0.000047 0.199754 0.598777
0.000047 0.199754 0.598777
0.000048 0.199755 0.598777
0.000048 0.199756 0.598777
0.000049 0.199756 0.598777
0.000049 0.199757 0.598777
0.000050 0.199758 0.598777
0.000050 0.199758 0.598778
0.000051 0.199759 0.598778
0.000052 0.199760 0.598778
0.000053 0.199761 0.598778
0.000053 0.199762 0.598778
0.000054 0.199763 0.598778
0.000054 0.199763 0.598779
0.000055 0.199764 0.598779
0.000055 0.199764 0.598780
0.000056 0.199764 0.598780
0.000056 0.199765 0.598781
0.000057 0.199765 0.598781
0.000057 0.199766 0.598781
0.000058 0.199766 0.598782
